[main]
optdata=eJwlzkEOhEAMxMA70v4FmKSz/P9joKmTL3Y666nVv2N9CAz84dmoEy64oUBe8tKVrnWta10vEDQzzDDDDDOGYii6+DP24srIRz6762tgm32f8JkvIicohA==
build=1240
setup=39517
FileExists=000000000
LSS=87CE414243
Options=1001000010000010011010011111111000000101111101110000000010000000000100110010011041100000000210010111111113001111010100
QHistoryMax=50
Queue=010
PIDX=1
ActClr=65535
CB2=0
CB3=16711680
CB4=32768
CB5=255
CB6=128
CB7=-2147483643
CB8=53970
CB9=65535
CB10=128
CB11=4227327
MIPrCol=25
Email=flashfxp-user@flashfxp.com
Log Name=FlashFXP.log
Download Directory=D:\My Documents
ConnectTimeout=40
TransferTimeout=5
RetryDelay=120
Status Size=400
RetryCount=10
Idle Time=120
Anti-Cmd=0
KALV=30
MLS=2
SPS=0
RPS=17
RF_UPLD=3
RF_DNLD=3
RF_FXP=0
tbCapFTP=FlashFXP %s %ttr %p %n
tbCapFXP=FlashFXP %ttr %te %n
DSL=25
USL=25
Identd User=
Identd SYS=UNIX
Identd Port=113
LoPort=1024
HiPort=2048
BindIP=

[LiveUpdate]
Interval=15

[SiteManager]
Left=356
Top=126
Width=632
Height=437
State=0

[Graph]
V=0
H=65
1=16711680
2=-2147483640
3=-2147483626
4=-2147483627
5=16777215
6=-2147483633
7=3
8=1
9=1
M=2
MVT=0
MV=
COC=0
GH=0

[window]
Left=481
Top=31
Width=804
Height=509
State=1
TS=0.44140625
BS=0.43970587849617
CS=0.610845267772675
LTS=0
RTS=0
THP=600
Font="宋体", 9, [], [clWindowText], 1
StatusFont="宋体", 9, [], [clWindowText], 1
QueueFont="宋体", 9, [], [clWindowText], 1
AppFont="宋体", 9, [], [clWindowText], 1
GraphFont="宋体", 9, [], [clWindowText], 1

[QuickConnect]
Left=0
Top=0
Width=424
Height=255
State=0

[QueueWindow]
Left=0
Top=0
Width=527
Height=264
State=0

[SESDlg]
Left=420
Top=220
Width=592
Height=406
State=0
OnTop=0
Wrap=0

[confirm]
Options=11111111

[list]
Custom=

[sounds]
Active=1

[proxy]
SKA=0

[statuswin]
Left=383
Top=154
Width=584
Height=401
State=0
Font="宋体", 8, [], [clWindowText], 134
Color=-2147483643
OnTop=0
Wrap=0

[Session]
463772=2022-01-14_16.53.27.463772.fqf
