[#Total#]
LR=40672.6480014815
TC=6438
FD=6203917850
FU=4368692860

[0925]
TC=9
LC=44490.5461922454
FU=213235

[0103]
TC=3
LC=44575.7085458218
FU=206641
